# Created by Octave 5.2.0, Tue Oct 20 20:20:20 2020 GMT <unknown@DESKTOP-HKM4Q00>
# name: traffic
# type: matrix
# rows: 420
# columns: 8
 1 23450 92 1 88.763440860215056 196.5 712 203.5
 1 28067 180 1 81.585635359116026 191 704 191
 1 141890 122 1 100.16666666666667 234 707.5 226
 1 150397 133 1 83.141791044776113 194.5 712.5 194.5
 2 59719 112 1 77.230088495575217 192 719.5 192
 2 154656 98 1 108.97938144329896 259 712.5 248.5
 3 54956 119 1 92.474999999999994 195.5 657 195.5
 3 69821 92 1 119.19354838709677 215.5 689.5 215.5
 3 135678 183 1 87.722826086956516 192 714 192
 4 59641 66 1 318.25373134328356 311.5 600 311.5
 4 97992 103 1 144.75 199.5 681.5 199.5
 5 97399 82 1 88.578313253012041 215.5 710.5 214
 6 71875 83 1 121.60714285714286 215.5 694.5 215.5
 6 89118 90 1 88.428571428571431 203.5 703.5 203.5
 7 51658 95 1 114.94791666666667 213.5 697.5 213.5
 7 100696 97 1 125.25842696629213 188.5 693.5 188.5
 8 25580 55 1 325.26785714285717 318 599.5 318
 8 35099 103 1 73.093023255813947 195.5 721.5 195.5
 8 124976 33 1 90 192.5 390 192.5
 9 83167 88 1 119.6067415730337 208 694.5 208
 10 96167 88 1 71.842857142857142 215.5 720.5 215.5
 11 4865 102 1 123.90291262135922 189 695 189
 11 17740 79 1 87 194 713 194
 13 131780 59 1 324.05000000000001 316.5 586.5 316.5
 14 4422 57 1 323.19999999999999 312.5 603 312.5
 14 49209 198 1 82.532663316582912 190 715 190
 14 152495 114 1 85.095238095238102 213.5 714.5 210.5
 15 77106 115 1 87.340909090909093 195.5 714 195.5
 16 117084 113 1 69.65789473684211 195 724.5 194
 17 32599 105 1 84.226415094339629 194 712 194
 18 42205 101 1 132.10784313725489 219 693 219
 18 75728 98 1 71.979797979797979 190.5 721 190.5
 18 143335 87 1 82.727272727272734 191.5 712.5 191.5
 20 52298 165 1 86.879518072289159 196 713 196
 20 99461 60 1 317.66666666666669 315 591 315
 21 130800 100 1 126.89108910891089 217 688.5 217
 21 142661 119 1 84.191666666666663 194 712 194
 22 93096 105 1 83.462264150943398 192 716 192
 23 144889 108 1 83.926605504587158 177 713.5 177
 23 146096 85 1 125.37209302325581 205 696 205
 24 81213 64 1 319.66153846153844 312 598.5 312
 25 20497 159 1 79.400000000000006 200 718.5 200
 25 105619 16 1 118.52941176470588 217.5 297 217.5
 25 141734 63 1 215.171875 258.5 537 258.5
 26 82453 94 1 138.53684210526316 224 691.5 224
 26 128347 21 1 77.63636363636364 194.5 306.5 194.5
 27 6587 121 1 142.91919191919192 240.5 685.5 217.5
 27 16687 39 1 88.941176470588232 197.5 390 197.5
 27 64503 115 1 92.853448275862064 198 711.5 198
 27 159625 96 1 113.60824742268041 188.5 698.5 182.5
 27 163391 84 1 260.91764705882355 285.5 633 285.5
 28 64726 119 1 87.158333333333331 193 712.5 193
 30 147168 92 1 102.35483870967742 172.5 700 172.5
 31 110849 85 1 111.61627906976744 175.5 698 175.5
 33 100940 92 1 91.767857142857139 195 712 194
 33 109777 264 1 150.46774193548387 270 695.5 195
 33 158563 123 1 72.258064516129039 194.5 723 194.5
 34 137956 138 1 86.689189189189193 197 712 180
 35 68710 91 1 83.673913043478265 195 718.5 195
 36 11058 112 1 88.647727272727266 195.5 712.5 195.5
 37 55214 151 1 94.095652173913038 228 720.5 219
 38 64810 119 1 76.950000000000003 192.5 722 192.5
 38 95860 32 1 79.515151515151516 202.5 370 202.5
 39 59869 108 1 102.94495412844037 212 693 212
 39 85319 223 1 101.04477611940298 180 709 180
 40 12326 97 1 139.53061224489795 221 677 221
 40 32826 116 1 87.418803418803421 192 712.5 192
 40 94984 76 1 67.259740259740255 195 621.5 195
 42 77560 104 1 114.33333333333333 338.5 711.5 323.5
 42 81782 101 1 103.1078431372549 192 704 191
 42 157522 98 1 82.050505050505052 191.5 713.5 191.5
 42 157922 78 1 206.86075949367088 257.5 656 257.5
 43 92946 50 1 67.117647058823536 195 423.5 195
 44 16032 25 1 83.34615384615384 208 326.5 208
 45 75332 92 1 121.24731182795699 215 695 215
 45 134317 95 1 111.77500000000001 282.5 662.5 251
 47 39882 112 1 82.268817204301072 192.5 715 192.5
 50 122089 102 1 98.951456310679617 201 698.5 201
 50 129911 80 1 169.55555555555554 277 666 277
 50 137838 89 1 101.72222222222223 195 702.5 195
 51 32467 105 1 85.660377358490564 202 711.5 202
 53 63869 71 1 242.94444444444446 301 646.5 301
 53 139760 44 1 99.840909090909093 314.5 314.5 183
 53 143777 86 1 192.41379310344828 250 664.5 250
 55 146226 165 1 83.084337349397586 191.5 712.5 191.5
 55 149412 147 1 90.910714285714292 192.5 710 192.5
 56 23610 89 1 87.900000000000006 192.5 708 192.5
 57 8861 109 1 85.681818181818187 195 712.5 195
 57 10782 95 1 108.3125 208.5 693.5 208.5
 57 121877 60 1 321.90163934426232 314 599 314
 58 150289 122 1 170.36585365853659 219.5 677 219.5
 59 18263 96 1 85.773195876288653 197.5 710.5 197.5
 60 85072 38 1 314.61538461538464 396 600 396
 61 5030 93 1 69.042553191489361 195.5 709 195.5
 61 44738 104 1 114.02857142857142 188.5 698 188.5
 61 54791 80 1 278.91358024691357 291.5 593.5 291.5
 61 101645 88 1 209.43820224719101 257.5 654.5 257.5
 61 142222 69 1 88.020833333333329 192 509 192
 62 2605 136 1 195.31386861313868 204 645.5 204
 62 53965 96 1 79.793478260869563 299.5 299.5 176.5
 62 145948 101 1 87.147058823529406 193 712 193
 63 23028 118 1 79.268907563025209 205 719 205
 63 47183 115 1 85.646551724137936 194.5 713 194.5
 64 25756 100 1 84.32673267326733 195 706 188.5
 64 36601 170 1 128.09356725146199 212.5 694 212.5
 64 51921 79 1 108.8 213 690 213
 64 97151 35 1 90.055555555555557 197.5 427 197.5
 64 97886 105 1 85.386792452830193 192 713 192
 65 113764 73 1 227.72972972972974 266.5 646.5 266.5
 66 64618 113 1 88.745614035087726 193 710.5 193
 66 93817 99 1 179.67010309278351 221 674 221
 66 103010 116 1 86.296296296296291 226 710.5 206.5
 67 68246 99 1 70.170000000000002 195 712.5 195
 67 117428 127 1 83.875 193.5 716 193.5
 68 75504 90 1 84.065934065934073 194 714 194
 68 79486 123 1 98.490909090909085 272 693.5 241.5
 68 111150 10 1 93.181818181818187 206 248 206
 69 127863 90 1 129.03296703296704 221.5 692.5 221.5
 70 64051 100 1 84.415841584158414 197 714.5 193
 70 85857 217 1 138.8125 266 510 204
 70 114101 61 1 321.33870967741933 317.5 602.5 317.5
 70 151954 177 1 71.748091603053439 190 629.5 190
 71 13126 153 1 84.246753246753244 195.5 706 195.5
 71 18927 79 1 245.1081081081081 273.5 638 273.5
 71 36979 165 1 115.17469879518072 210 704 210
 72 150600 131 1 114.1969696969697 186 698 186
 72 160223 104 1 89.146341463414629 230.5 712.5 230.5
 73 9007 114 1 80.173913043478265 204 714 202
 73 47003 92 1 167.98924731182797 251.5 676 251.5
 73 117211 109 1 86.990909090909085 197.5 710.5 197.5
 73 123805 60 1 88.375 196 475.5 196
 74 149543 80 1 85.758620689655174 193 637 193
 75 106473 93 1 67.88297872340425 195 715 195
 75 109068 146 1 81.19047619047619 191 715.5 186
 76 68863 100 1 87.148514851485146 194.5 714 194.5
 77 36038 138 1 76.91379310344827 190.5 714.5 190.5
 77 37535 91 1 88.423913043478265 194.5 709.5 194.5
 77 154241 273 1 126.54166666666667 231 684 231
 78 2493 126 1 126.4251968503937 215.5 694 215.5
 78 130220 161 1 105.0246913580247 206.5 680.5 206.5
 79 15731 89 1 85.088888888888889 205 713.5 205
 79 71641 140 1 205.21428571428572 249.5 653.5 236
 80 73613 79 1 227.01249999999999 266 647.5 266
 80 88892 78 1 91.177215189873422 207.5 711 207.5
 80 94792 85 1 91.053571428571431 195.5 711 195.5
 81 105636 79 1 275.69230769230768 292.5 613.5 292.5
 82 117593 112 1 93.477876106194685 196.5 682.5 189.5
 83 35520 57 1 85.257142857142853 204.5 511.5 204.5
 83 64289 75 1 240.51315789473685 275 642.5 275
 83 108936 112 1 125.29203539823008 219.5 695 219.5
 84 52463 130 1 141.54961832061068 236.5 686.5 236.5
 84 154063 62 1 90.688524590163937 307.5 307.5 203
 85 48895 99 1 232.78999999999999 272 646 272
 85 142018 123 1 86.564516129032256 193 712 193
 86 19664 101 1 82.588235294117652 204.5 684.5 204.5
 86 22624 93 1 87.510638297872347 196.5 710.5 196.5
 86 128836 138 1 91.964028776978424 191.5 703 191.5
 86 158386 103 1 115.70192307692308 204 701 204
 87 18015 12 1 89.92307692307692 207.5 259 207.5
 87 158265 83 1 212.1904761904762 262 653.5 262
 87 163506 130 1 93.25954198473282 192 711.5 192
 88 94559 73 1 83.637931034482762 234.5 711 234.5
 88 125120 85 1 96.593023255813947 195.5 696.5 195.5
 88 163663 123 1 94.508064516129039 197 711.5 197
 89 19100 112 1 88.892473118279568 194.5 711 190
 90 8602 57 1 90.853658536585371 194.5 493.5 194.5
 91 35235 156 1 128.40298507462686 282.5 695 219
 92 85209 104 1 84.38095238095238 195 714.5 195
 92 97800 95 1 138.02083333333334 251 696 250.5
 92 145788 97 1 93.540816326530617 195 709.5 195
 92 163801 129 1 88.207692307692312 197.5 715 193.5
 93 78072 89 1 76.922222222222217 195.5 717.5 195.5
 93 87168 639 1 131.51096491228071 207.5 594.5 199
 93 105945 94 1 107.88421052631578 222.5 688.5 222.5
 94 44354 30 1 70.677419354838705 195.5 345 195.5
 94 68532 14 1 88 209 272 209
 94 101869 109 1 138.16363636363636 221.5 691.5 221.5
 95 20231 165 1 140.66867469879517 221.5 689.5 221.5
 95 84722 106 1 70.304347826086953 191 724.5 191
 95 98293 81 1 166.32926829268294 238.5 677 238.5
 95 150002 151 1 86.879032258064512 190 714.5 190
 96 2368 146 1 84.034013605442183 195.5 714 195.5
 97 1189 88 1 123.25842696629213 213.5 693.5 213.5
 97 129787 70 1 182.89743589743588 318.5 643 318.5
 98 12492 107 1 88.962962962962962 194 710.5 194
 98 25910 110 1 87.900900900900908 193 703.5 193
 98 62934 96 1 71.711340206185568 191.5 722 191.5
 99 65285 158 1 165.04379562043795 216 676.5 216
 99 110007 131 1 68.462121212121218 191.5 721 191.5
 103 153914 136 0 253.5985401459854 632.5 632.5 277.5
 104 67012 137 0 118.17391304347827 697.5 697.5 206
 104 154524 128 0 146.27272727272728 685 686.5 308.5
 105 97704 89 0 104.03333333333333 703 703 326
 105 160259 68 0 109 700 700 399.5
 106 112084 189 0 91.442105263157899 709.5 709.5 195.5
 106 115635 101 0 115.99019607843137 699.5 699.5 208
 106 135091 137 0 90.789855072463766 709 709 195
 106 147913 100 0 90.227722772277232 709.5 709.5 194
 106 151224 124 0 132.14634146341464 691 691 213.5
 107 152801 278 0 90.681003584229387 709.5 709.5 188.5
 108 98884 168 0 89.094674556213022 712 712 194
 109 66671 116 0 93.316239316239319 710.5 710.5 196.5
 109 80995 94 0 123.96842105263158 694.5 694.5 214
 109 97068 118 0 88.430000000000007 711.5 711.5 196.5
 109 161583 130 0 91.206106870229007 709.5 709.5 185
 110 11114 56 0 116.61290322580645 692.5 703.5 474
 111 71346 114 0 90.052173913043475 711 711 195
 111 86300 150 0 91.735099337748338 710 710 200
 111 134893 146 0 97.721088435374156 706.5 706.5 190.5
 111 148099 112 0 120.24778761061947 693.5 693.5 206.5
 112 21044 56 0 377.35087719298247 572 572 340.5
 113 72873 100 0 92.257425742574256 711 711 199.5
 113 138298 101 0 90.970588235294116 707.5 707.5 195.5
 113 145175 105 0 89.047169811320757 711 711 206
 114 102449 86 0 101.88505747126437 708.5 708.5 211.5
 114 106858 102 0 87.84466019417475 708.5 708.5 200.5
 115 43137 110 0 90.21621621621621 712.5 712.5 194
 116 1071 84 0 134.70588235294119 687.5 687.5 220
 116 87272 194 0 86.857142857142861 711 711 597
 117 55490 101 0 244.45098039215685 638.5 638.5 272.5
 117 85258 143 0 88.704225352112672 712 712 197.5
 118 53985 147 0 114.16216216216216 699.5 699.5 201.5
 118 77936 111 0 91.330357142857139 710.5 710.5 199
 118 154220 102 0 128.98412698412699 692 692 498.5
 119 76686 96 0 113.97938144329896 698.5 698.5 213.5
 119 139671 80 0 277.93827160493828 621.5 621.5 291.5
 121 8581 78 0 89.661290322580641 709 709 199
 121 79337 142 0 178.37062937062936 668.5 668.5 318.5
 121 84654 107 0 132.81927710843374 690.5 690.5 223
 122 21268 90 0 158.06593406593407 679.5 679.5 231.5
 122 27510 112 0 128.69911504424778 693 693 216
 122 77512 41 0 339.78571428571428 587.5 587.5 393
 122 123290 95 0 88.885416666666671 712 712 198.5
 123 9880 123 0 92.024193548387103 709.5 709.5 200.5
 123 76564 107 0 82.93518518518519 716 718 198.5
 124 16994 120 0 91.057851239669418 708.5 708.5 196
 125 112363 131 0 90.219696969696969 711 711 196
 125 155375 113 0 91.868421052631575 711.5 711.5 198.5
 126 71554 85 0 203.76744186046511 657.5 657.5 253.5
 126 76887 105 0 121.29245283018868 693.5 693.5 210.5
 126 101123 102 0 120.15533980582525 700.5 700.5 217.5
 127 21871 114 0 132.57391304347826 691.5 691.5 220
 127 32348 91 0 134.70652173913044 689 689 218.5
 127 48442 157 0 149.3860759493671 682.5 682.5 225.5
 127 78919 168 0 141.4378698224852 688.5 688.5 224
 127 134535 150 0 91.549668874172184 707.5 707.5 184
 127 142336 114 0 124.54285714285714 690 690 188.5
 127 148652 92 0 242.61290322580646 638.5 638.5 274.5
 128 149196 144 0 135.28275862068966 692.5 692.5 220.5
 128 151102 126 0 141.16535433070865 689.5 689.5 223
 129 161047 143 0 91.069444444444443 710.5 710.5 189
 130 119005 109 0 91.345454545454544 709 709 194.5
 130 134435 129 0 88.946153846153848 679.5 679.5 196.5
 131 85774 300 0 137.14054054054054 711.5 711.5 280
 131 113209 98 0 90.060606060606062 711.5 711.5 207.5
 133 31749 109 0 92.218181818181819 707.5 707.5 198.5
 133 43576 92 0 97.462365591397855 712.5 712.5 210
 133 48001 101 0 94.333333333333329 708.5 708.5 217.5
 133 79640 179 0 105.65555555555555 705 705 208
 134 72169 100 0 88.712871287128706 712 712 192.5
 134 118246 143 0 86.451388888888886 712 712 192.5
 134 134233 82 0 194.97590361445782 660.5 660.5 286.5
 134 161307 112 0 94.884955752212392 707.5 707.5 199.5
 135 19130 82 0 92.507936507936506 708 708 288
 135 69660 101 0 91.274509803921575 712 712 197
 135 85386 37 0 120.84999999999999 709 709 581
 135 127236 76 0 236.20779220779221 638 638 273.5
 135 149295 166 0 91.08391608391608 709.5 709.5 198
 135 155723 149 0 91.673333333333332 711.5 711.5 199.5
 137 39438 93 0 99.202127659574472 709 709 200.5
 137 46864 106 0 86.44859813084112 710.5 710.5 248.5
 137 96916 115 0 95.59482758620689 704.5 704.5 199
 138 675 105 0 119.61320754716981 693 693 201
 138 60094 110 0 93.558558558558559 709.5 709.5 200
 138 155258 80 0 225.54320987654322 645 645 264
 139 8040 80 0 124.66666666666667 692.5 692.5 210.5
 139 67400 109 0 88.318181818181813 709 709 206.5
 139 115025 90 0 137.01098901098902 691 691 219.5
 139 119218 126 0 89.346456692913392 711.5 711.5 199.5
 139 151924 207 0 129.03105590062111 693 693 236
 140 46789 108 0 112.60550458715596 709 709 224.5
 140 70258 110 0 89.77477477477477 710 710 207
 140 138141 100 0 128.62376237623764 692 692 221.5
 140 148999 118 0 148.87394957983193 684.5 684.5 223.5
 141 63808 56 0 86.982456140350877 712.5 712.5 435.5
 141 100924 91 0 122.02816901408451 694 694 228.5
 141 155534 119 0 87.666666666666671 712 712 191.5
 142 35476 99 0 127.63291139240506 692.5 692.5 213
 142 55093 114 0 106.64423076923077 706 706 286.5
 143 16270 83 0 125.72619047619048 691.5 691.5 215.5
 143 122995 94 0 89.168421052631572 711.5 711.5 198.5
 143 149847 153 0 92.805194805194802 709 709 193
 144 90471 104 0 106.86666666666666 705.5 705.5 211.5
 144 90829 126 0 87.173228346456696 711.5 711.5 207.5
 145 21466 123 0 89.91935483870968 709.5 709.5 196.5
 145 47852 91 0 150.57608695652175 684.5 684.5 227.5
 145 76376 76 0 179.98701298701297 667.5 667.5 245
 145 161462 109 0 94.74545454545455 708 708 194.5
 146 35816 104 0 116.27619047619048 696.5 696.5 212
 146 113077 96 0 125.75257731958763 692 692 213
 146 161697 120 0 136.87603305785123 691 691 220
 147 5210 102 0 89.524271844660191 711 711 198
 147 22017 125 0 90.849206349206355 710.5 710.5 192
 147 95859 123 0 115.60483870967742 700.5 700.5 201.5
 147 109777 95 0 122.15384615384616 696.5 696.5 252.5
 148 35152 50 0 90 710.5 710.5 454
 148 84478 116 0 88.692307692307693 711.5 711.5 198.5
 149 31381 93 0 90.670212765957444 710 710 196
 151 38101 82 0 113.25301204819277 699 699 215
 151 111161 91 0 124.67391304347827 698.5 698.5 220
 152 18922 84 0 120.61904761904762 695 695 325.5
 152 124880 129 0 92.321100917431195 708.5 708.5 195.5
 152 139787 132 0 103.29323308270676 705.5 705.5 206
 153 8097 85 0 90.244186046511629 709.5 709.5 199.5
 153 93312 106 0 112.85046728971963 698 698 213.5
 153 147525 89 0 88.788888888888891 711.5 711.5 196
 154 42910 105 0 91.15094339622641 712 712 196
 154 94579 53 0 89.189189189189193 708.5 708.5 435
 154 117739 78 0 184.43589743589743 662.5 662.5 243.5
 154 137375 76 0 179.06493506493507 669.5 669.5 244.5
 155 54190 164 0 99.242424242424249 709 709 198
 156 99440 81 0 96.15384615384616 708 708 264.5
 157 85568 155 0 96.82692307692308 708.5 708.5 204
 158 16632 94 0 133.41428571428571 689 689 219
 158 84938 72 0 210.47945205479451 652 652 351.5
 160 53818 145 0 132.24827586206897 705.5 706.5 200
 160 55234 131 0 110.3069306930693 700 720.5 243.5
 160 147751 104 0 88.980952380952374 709 709 183
 160 149436 187 0 99.637254901960787 708 708 202.5
 161 94448 86 0 154.05747126436782 682 682 230
 161 106708 68 0 259.89855072463769 630.5 630.5 285.5
 164 789 105 0 91.018867924528308 711 711 199.5
 164 24511 85 0 89.930232558139537 708.5 708.5 195
 164 94830 47 0 228.47058823529412 642.5 642.5 416.5
 164 129191 93 0 119.01063829787235 689.5 689.5 209.5
 165 42793 96 0 90.329896907216494 710.5 710.5 199.5
 165 66843 126 0 101.1259842519685 704.5 704.5 195
 165 95416 142 0 105.87412587412588 703 703 209.5
 166 63587 113 0 134.06140350877192 688.5 688.5 208
 166 87957 246 0 138.66801619433198 690 690 221.5
 167 39890 104 0 91.488095238095241 707 707 218
 167 86817 677 0 117.81126331811264 700.5 700.5 196
 167 95282 144 0 87.613793103448273 712 712 197.5
 167 96018 125 0 91.634920634920633 710 710 199.5
 168 114326 60 0 125.36065573770492 694 694 216.5
 169 44049 122 0 174.83739837398375 672.5 672.5 240.5
 169 53553 113 0 179.05263157894737 669 692.5 245.5
 169 96197 58 0 88.487179487179489 709 709 517
 169 129770 92 0 96.08620689655173 709.5 709.5 350.5
 169 141794 91 0 91.196428571428569 709.5 709.5 300.5
 170 21695 121 0 125.91803278688525 692 692 205
 170 112840 91 0 96.804347826086953 708.5 708.5 200
 170 118020 86 0 118.67816091954023 694.5 694.5 209.5
 170 122568 83 0 119.13095238095238 693 693 209.5
 171 67797 95 0 102.22916666666667 710 710 213
 171 105831 91 0 89.717391304347828 712 712 221.5
 171 120998 48 0 345.22448979591837 586 586 324
 172 106089 86 0 99.459770114942529 703 703 203
 172 113486 79 0 107.2 701.5 701.5 199.5
 172 135440 109 0 91.25454545454545 710.5 710.5 194.5
 173 13827 86 0 93.977011494252878 707.5 707.5 196
 173 36130 49 0 86.769230769230774 709 721.5 512.5
 174 86468 664 0 97.49774436090226 709.5 709.5 201
 174 122667 78 0 136.77215189873417 687 687 214
 174 140095 106 0 133.35514018691589 691 691 218
 175 60278 98 0 131.84848484848484 693 693 217
 176 4348 46 0 176.36170212765958 667 667 444.5
 176 43717 95 0 92.583333333333329 708 708 200
 176 107282 100 0 119.99009900990099 694.5 694.5 195
 176 145324 101 0 88.245098039215691 708 708 192.5
 176 148341 63 0 340.921875 587 587 322
 177 135017 127 0 124.078125 693.5 693.5 220
 178 7640 94 0 96.484210526315792 708.5 708.5 207
 178 140275 91 0 231.7608695652174 642 642 270
 178 142178 113 0 89.445652173913047 710 710 198
 178 152476 133 0 88.245283018867923 710 710 472.5
 179 27430 112 0 92.637168141592923 710.5 710.5 194
 179 96594 116 0 144.11111111111111 685.5 685.5 222
 179 129650 97 0 134.29591836734693 685.5 685.5 301.5
 179 152144 347 0 115.63636363636364 698.5 698.5 212
 180 24393 74 0 138.62666666666667 688.5 688.5 223
 180 38574 135 0 85.058823529411768 719 719 198
 180 46607 103 0 90.519230769230774 711.5 711.5 195
 180 163014 92 0 142.51612903225808 690 690 220.5
 181 17403 97 0 91.367346938775512 710.5 710.5 199.5
 182 41745 88 0 116.68539325842697 698.5 698.5 211
 182 84334 110 0 105.1981981981982 706.5 706.5 208
 182 90658 108 0 119.27522935779817 693.5 693.5 204
 182 124551 93 0 92.489361702127653 712.5 712.5 195
 183 6463 119 0 120.575 696.5 696.5 287
 183 84750 78 0 86.049180327868854 710.5 710.5 400.5
 184 60569 122 0 85.723577235772353 715.5 715.5 198
 184 151476 143 0 94.25 708.5 708.5 196.5
 185 99847 76 0 126.22077922077922 693.5 693.5 217.5
 186 28968 85 0 119.40697674418605 695.5 695.5 233.5
 186 95069 129 0 116.65873015873017 695 695 203.5
 186 106276 65 0 224.5151515151515 648 648 269
 187 31953 100 0 89.465346534653463 709.5 709.5 194
 187 105622 93 0 89.599999999999994 712 712 216.5
 188 129354 106 0 97.336448598130843 707 707 202
 188 133856 77 0 198.65384615384616 661 661 254.5
 189 24262 81 0 92.439024390243901 705 705 196.5
 189 35300 29 0 121 692.5 692.5 544
 189 123765 100 0 99.862499999999997 710 710 199
 190 5400 108 0 112.08256880733946 694 694 203.5
 190 35672 115 0 102.08620689655173 704 704 199.5
 190 83833 104 0 115.11428571428571 697.5 697.5 212
 190 88439 124 0 90.879999999999995 710.5 710.5 199.5
 193 17728 91 0 90.081081081081081 711.5 711.5 324.5
 193 77176 45 0 146.38888888888889 683.5 683.5 475.5
 193 101009 23 0 130.5 710 710 606.5
 194 137979 70 0 122.71428571428571 692.5 692.5 368.5
 195 102927 78 0 114.81012658227849 699 699 263.5
 196 107013 118 0 75.294117647058826 718.5 721 194
 197 3510 104 0 128.60952380952381 694 694 216
 197 126381 99 0 183.66 666.5 666.5 244
 197 137202 54 0 303.54545454545456 600.5 600.5 306.5
 198 53667 207 0 150.05288461538461 703.5 703.5 210
 198 129448 134 0 96.822222222222223 707.5 707.5 196
 199 134745 135 0 124.52941176470588 692.5 692.5 203.5


